819.842
717.193
629.396
558.057
496.673
447.381
404.075
369.363
338.027
312.881
289.523
270.767
252.855
238.49
224.404
213.146
201.825
192.827
183.559
176.25
168.541
162.521
818.481
715.38
627.495
555.96
494.695
445.328
402.212
367.472
336.333
311.171
287.996
269.226
251.478
237.096
223.154
211.876
200.683
191.664
182.509
175.176
167.569
161.524
817.28
713.771
625.821
554.102
492.957
443.514
400.578
365.801
334.848
309.662
286.659
267.867
250.272
235.867
222.06
210.758
199.684
190.639
181.591
174.231
166.719
160.646
816.239
712.364
624.373
552.482
491.457
441.933
399.169
364.348
333.569
308.35
285.507
266.686
249.233
234.799
221.119
209.787
198.825
189.75
180.801
173.41
165.988
159.883
815.359
711.16
623.15
551.096
490.191
440.584
397.981
363.109
332.491
307.233
284.538
265.68
248.36
233.89
220.327
208.96
198.103
188.992
180.137
172.711
165.374
159.235
814.638
710.157
622.151
549.945
489.158
439.464
397.013
362.08
331.613
306.306
283.749
264.846
247.649
233.137
219.683
208.275
197.515
188.365
179.596
172.133
164.873
158.698
814.078
709.355
621.375
549.025
488.356
438.57
396.262
361.261
330.933
305.567
283.137
264.182
247.098
232.537
219.184
207.73
197.059
187.865
179.178
171.672
164.486
158.27
813.677
708.754
620.821
548.336
487.784
437.901
395.726
360.647
330.448
305.015
282.701
263.685
246.705
232.089
218.828
207.322
196.735
187.492
178.88
171.328
164.21
157.95
813.437
708.353
620.489
547.877
487.442
437.456
395.406
360.239
330.158
304.647
282.44
263.355
246.47
231.79
218.615
207.051
196.541
187.244
178.701
171.099
164.045
157.738
813.357
708.153
620.378
547.648
487.327
437.233
395.299
360.036
330.061
304.464
282.353
263.19
246.392
231.642
218.544
206.915
196.476
187.12
178.642
170.984
163.99
157.632
813.437
708.153
620.489
547.648
487.442
437.233
395.406
360.036
330.158
304.464
282.44
263.19
246.47
231.642
218.615
206.915
196.541
187.12
178.701
170.984
164.045
157.632
813.677
708.353
620.821
547.877
487.784
437.456
395.726
360.239
330.448
304.647
282.701
263.355
246.705
231.79
218.828
207.051
196.735
187.244
178.88
171.099
164.21
157.738
814.078
708.754
621.375
548.336
488.356
437.901
396.262
360.647
330.933
305.015
283.137
263.685
247.098
232.089
219.184
207.322
197.059
187.492
179.178
171.328
164.486
157.95
814.638
709.355
622.151
549.025
489.158
438.57
397.013
361.261
331.613
305.567
283.749
264.182
247.649
232.537
219.683
207.73
197.515
187.865
179.596
171.672
164.873
158.27
815.359
710.157
623.15
549.945
490.191
439.464
397.981
362.08
332.491
306.306
284.538
264.846
248.36
233.137
220.327
208.275
198.103
188.365
180.137
172.133
165.374
158.698
816.239
711.16
624.373
551.096
491.457
440.584
399.169
363.109
333.569
307.233
285.507
265.68
249.233
233.89
221.119
208.96
198.825
188.992
180.801
172.711
165.988
159.235
817.28
712.364
625.821
552.482
492.957
441.933
400.578
364.348
334.848
308.35
286.659
266.686
250.272
234.799
222.06
209.787
199.684
189.75
181.591
173.41
166.719
159.883
818.481
713.771
627.495
554.102
494.695
443.514
402.212
365.801
336.333
309.662
287.996
267.867
251.478
235.867
223.154
210.758
200.683
190.639
182.509
174.231
167.569
160.646
819.842
715.38
629.396
555.96
496.673
445.328
404.075
367.472
338.027
311.171
289.523
269.226
252.855
237.096
224.404
211.876
201.825
191.664
183.559
175.176
168.541
161.524
821.364
717.193
631.526
558.057
498.894
447.381
406.17
369.363
339.935
312.881
291.244
270.767
254.409
238.49
225.814
213.146
203.112
192.827
184.743
176.25
169.638
162.521
