756.202
663.638
584.796
520.809
465.687
421.301
382.16
350.652
322.082
299.053
277.571
260.252
243.649
230.287
217.141
206.603
195.978
187.511
178.769
171.86
164.559
158.847
754.97
662.008
583.09
518.927
463.909
419.45
380.472
348.931
320.533
297.483
276.164
258.825
242.369
228.987
215.973
205.414
194.905
186.415
177.778
170.844
163.638
157.9
753.884
660.561
581.589
517.26
462.346
417.812
378.991
347.411
319.175
296.098
274.93
257.567
241.249
227.842
214.95
204.365
193.965
185.449
176.91
169.949
162.832
157.066
752.943
659.296
580.29
515.806
460.996
416.386
377.714
346.088
318.005
294.893
273.868
256.474
240.284
226.847
214.069
203.454
193.157
184.611
176.164
169.172
162.138
156.342
752.147
658.213
579.193
514.563
459.858
415.169
376.638
344.96
317.02
293.867
272.974
255.543
239.472
225.999
213.329
202.678
192.478
183.897
175.536
168.511
161.555
155.725
751.495
657.312
578.297
513.53
458.929
414.157
375.76
344.023
316.217
293.015
272.246
254.77
238.811
225.296
212.726
202.036
191.924
183.305
175.025
167.963
161.08
155.215
750.989
656.591
577.601
512.704
458.208
413.35
375.079
343.277
315.594
292.336
271.681
254.155
238.298
224.736
212.259
201.524
191.496
182.834
174.63
167.526
160.713
154.808
750.627
656.05
577.104
512.086
457.693
412.747
374.594
342.718
315.151
291.829
271.279
253.695
237.933
224.318
211.926
201.141
191.19
182.481
174.348
167.2
160.451
154.504
750.409
655.69
576.806
511.675
457.385
412.345
374.303
342.347
314.885
291.491
271.038
253.389
237.715
224.04
211.727
200.887
191.008
182.247
174.179
166.983
160.294
154.302
750.337
655.51
576.707
511.469
457.282
412.144
374.206
342.161
314.796
291.322
270.958
253.236
237.642
223.901
211.66
200.759
190.947
182.13
174.123
166.875
160.242
154.201
750.409
655.51
576.806
511.469
457.385
412.144
374.303
342.161
314.885
291.322
271.038
253.236
237.715
223.901
211.727
200.759
191.008
182.13
174.179
166.875
160.294
154.201
750.627
655.69
577.104
511.675
457.693
412.345
374.594
342.347
315.151
291.491
271.279
253.389
237.933
224.04
211.926
200.887
191.19
182.247
174.348
166.983
160.451
154.302
750.989
656.05
577.601
512.086
458.208
412.747
375.079
342.718
315.594
291.829
271.681
253.695
238.298
224.318
212.259
201.141
191.496
182.481
174.63
167.2
160.713
154.504
751.495
656.591
578.297
512.704
458.929
413.35
375.76
343.277
316.217
292.336
272.246
254.155
238.811
224.736
212.726
201.524
191.924
182.834
175.025
167.526
161.08
154.808
752.147
657.312
579.193
513.53
459.858
414.157
376.638
344.023
317.02
293.015
272.974
254.77
239.472
225.296
213.329
202.036
192.478
183.305
175.536
167.963
161.555
155.215
752.943
658.213
580.29
514.563
460.996
415.169
377.714
344.96
318.005
293.867
273.868
255.543
240.284
225.999
214.069
202.678
193.157
183.897
176.164
168.511
162.138
155.725
753.884
659.296
581.589
515.806
462.346
416.386
378.991
346.088
319.175
294.893
274.93
256.474
241.249
226.847
214.95
203.454
193.965
184.611
176.91
169.172
162.832
156.342
754.97
660.561
583.09
517.26
463.909
417.812
380.472
347.411
320.533
296.098
276.164
257.567
242.369
227.842
215.973
204.365
194.905
185.449
177.778
169.949
163.638
157.066
756.202
662.008
584.796
518.927
465.687
419.45
382.16
348.931
322.082
297.483
277.571
258.825
243.649
228.987
217.141
205.414
195.978
186.415
178.769
170.844
164.559
157.9
757.578
663.638
586.707
520.809
467.684
421.301
384.058
350.652
323.825
299.053
279.157
260.252
245.091
230.287
218.459
206.603
197.188
187.511
179.888
171.86
165.599
158.847
